070000043040009610800634900094052000358460020000800530080070091902100005007040802
679518243543729618821634957794352186358461729216897534485276391962183475137945862

048301560360008090910670003020000935509010200670020010004002107090100008150834029
048301560360008090910670003020000935509010200670020010004002107090100008150834029

008317000004205109000040070327160904901450000045700800030001060872604000416070080
008317000004205109000040070327160904901450000045700800030001060872604000416070080

040890630000136820800740519000467052450020700267010000520003400010280970004050063
040890630000136820800740519000467052450020700267010000520003400010280970004050063

100503700603008090000009800010000000876100000000006000000000007080907604700060312
100503700603008090000009800010000000876100000000006000000000007080907604700060312

380100000000050600000900003040000000005018000000090561060024780800000006004080020
380100000000050600000900003040000000005018000000090561060024780800000006004080020